5.1
5.18
5.31
4.41
5.725
5.6
5.235
5.885
5.6
4.96
4.85
4.715
4.66
4.82
4.3
5.0
4.16
4.75
5.92
7.2
6.59633333333
6.1
5.82
6.4
5.1
6.7
5.24
6.7
4.22
6.4
6.22
6.7
6.0
6.0
5.72
5.48
5.42
5.29
6.43
5.7
7.0
6.82
6.46
6.1
6.52
5.65
5.82
5.75
6.3
6.16
4.47
6.35
5.89
5.93
5.71
5.51
5.47
5.55
5.18
6.39
6.75
5.44
6.39
4.78
5.46
5.7
5.87
5.87
6.59
6.945
7.52
6.82
5.27
5.78
5.43
6.62
4.14
4.02
5.13
5.3
4.59
5.22
4.59
4.34
6.03
6.76
6.0
7.25
6.55
7.28
6.06
6.87714285714
8.506
6.31
7.66
5.89
8.0
7.22
6.82
7.52
8.16
6.89
6.66
7.22
7.7
6.05
6.7
8.52
7.22
7.52
6.64
6.22
6.37
7.52
7.85
4.03
9.4
9.37
9.37
9.37
6.46
5.89
5.98
6.75
7.48
7.75
7.55
6.81
5.51
6.66
6.85
7.92
7.59
8.06
8.29
7.92
6.92
7.5
5.96
8.951
8.04
6.0
6.6
8.7
6.33
6.96
5.98
5.85
6.78
8.23
7.49
7.8
9.3
8.8
8.14
8.75
8.79
8.17
8.52
7.71
7.75
7.76
8.63
7.78
7.16
8.56
8.45
6.2
7.14
7.27
6.52
5.4
5.7
5.59
5.57
5.42
5.35
5.28
5.11
5.05
5.04
4.77
4.62
4.62
4.62
4.6
4.51
4.5
4.47
4.46
4.41
5.85
6.09
6.54
5.75
5.72
7.01
6.62
6.81
8.4
6.32
4.02
4.6
4.13
4.59
5.0
4.4
5.24
4.64
4.21
4.43
4.23
4.22
4.64
4.7
4.6
4.89
4.14
4.62
7.32
7.42
6.32
6.3
8.3
8.44
7.92
8.64
8.33
8.55
7.66
8.31
8.6
8.3
8.28
8.85
7.89
7.68
7.52
8.09
8.64
8.32
8.12
8.59
5.48
5.47
4.72
4.96
4.77
5.0
5.54
7.6
7.33222222222
4.84
6.25
7.1
8.01
9.4
7.4
7.17
6.54
4.22
4.13
4.14
6.36
6.62
6.52
5.22
8.8
7.52
7.64
7.55
8.64
8.19
7.59
7.35
7.59
8.56666666667
8.05
7.62
7.11
7.82
7.89
8.04
7.64
7.25
7.72
7.31
7.85
7.66
7.72
7.75
8.16
7.38
7.16
8.64
8.98583333333
7.85
7.92
8.64
7.51
7.39
7.38
8.62
8.28
7.72
7.72
7.27
6.88
6.87
6.3
7.59
6.5
6.96
7.64
7.35
7.85
6.7
6.14
6.02
6.36
7.26
6.53
8.37
8.19
7.14
6.32
7.68
7.68
7.17
5.23
6.41
6.25
6.25
8.26
6.89
6.16
7.5
7.0
8.34
8.06666666667
7.02666666667
6.57
5.915
5.37
4.77
7.16
5.92
5.77
7.16
4.89
6.25
6.63
7.51
6.8
7.13
7.2
7.28
7.62
5.82
4.92
5.19
6.0
5.21
5.68
4.84
6.07
5.22
6.08
4.95
5.22
4.19
5.92
5.44
6.68
6.59
5.06
6.95
7.59
5.75
4.3
5.1
4.77
5.47
5.3
4.3
4.5
4.3
5.7
6.16
5.89
4.3
4.8
5.35
5.59
4.89
4.96
4.96
4.24
5.5
8.92
6.3
7.68
7.77
5.98
7.09
5.1
5.35
5.89
5.96
6.18
5.6
5.72
5.77
5.82
6.11
6.28
6.75
7.05
7.25
7.17
5.4
5.69
6.22
5.39
5.36
4.82
7.24
5.7
6.0
6.12
4.0
5.82
5.29
5.42
5.66
5.7
6.48
4.46
4.0
5.7
5.52
4.19
5.19
4.0
5.66
5.7
4.92
5.68
5.37
6.51
7.66
6.53
6.63
6.16
6.09
6.3
6.33
6.49
6.96
6.85
7.06
5.82
6.7
6.78
4.85
4.92
5.59
5.66
6.28
6.04
6.27
6.05
4.89
5.08
5.28
5.89
4.3
5.92
6.09
6.22
5.47
6.54
5.12
5.11
5.57
5.28
5.31
5.35
5.22
5.31
5.54
5.31
5.16
5.77
5.77
4.64
8.92
5.71
5.16
6.43
7.92
7.54
8.37
8.32
8.73
8.44
7.26
7.76
8.44
7.14
6.89
6.0
7.3
7.31
7.54
7.75
7.2
7.4
5.11
5.11
5.82
5.64
6.96
5.96
4.39
7.92
6.0
8.0
5.96
5.3
5.0
7.03
7.0
8.0
6.26
5.3
6.09
5.77
5.34
8.92
6.06
6.87
6.13
5.53
8.425
8.765
7.5175
8.08125
8.3725
8.88375
9.1175
8.99375
8.1175
8.6175
9.30125
9.455
4.79
4.92
6.04
6.09
4.52
5.12
5.5
4.68
7.02
7.73
7.585
7.52
7.495
6.52
6.57
8.16333333333
8.85333333333
9.30666666667
8.47333333333
6.69
5.89
9.04
6.24
6.57
6.55
5.51
5.9
6.35
6.41
7.64
8.05
6.42
7.22
6.91
6.95
5.9
7.4
7.14
7.38
6.8
5.37
5.64
6.09
4.75
5.98
6.54
6.51
5.73
5.66
4.95
5.82
5.91
6.92
6.59
6.13
5.37
5.48
7.25
7.62
7.29
5.16
5.82
6.55
8.345
6.25
5.82
7.27
7.6
4.96
5.16
4.82
4.57
5.68
5.24
4.41
5.23
4.82
4.48
4.7
4.47
7.29
7.62
7.25
5.49
6.87
6.78
6.34
5.98
7.41
6.12
6.23
6.83
8.85
8.28
6.29
6.78
7.72
6.88
6.09
7.55
7.43
7.1575
6.36
7.52
5.21
5.64
6.845
6.16
6.8775
5.25
4.68
5.22
6.37
6.32
6.0
6.6
6.16
6.12
6.32
5.96
5.51
6.68
6.5
5.65
5.23
6.69
6.42
5.28
5.62
5.42
6.76
7.77
6.93
7.58
6.89
6.49
6.75
7.3
7.34
7.36
7.39
6.67
7.8
7.85
6.92
7.16
6.835
7.82666666667
5.69
8.27
8.2
8.66
7.415
7.92
7.64
6.39
8.21
6.25
8.1
6.34
5.84
5.645
5.875
5.56
5.73
6.28
7.47
6.14
8.145
9.16
8.925
7.16
4.6
5.6
4.65
5.1
4.51
4.78
5.58
4.94
5.87
5.27
5.06
4.89
5.67
5.28
5.86
5.64
5.6
5.17
5.11
5.19
5.92
5.06
5.0
7.05
6.77
6.62
7.0
7.3
7.7
7.4975
4.3
4.7
5.2
5.12
5.14
6.83
6.94
6.32
5.33
6.39
6.09
5.03
5.0
5.53
6.43
